0.9094565 -0.2906915 -0.7226025
0.67218375 -0.27269667 -0.66272837
0.6498787 -0.5283192 -0.3115082
0.33651114 0.46793225 -0.45168224
0.5826863 -0.4767151 0.619137
0.8213804 0.61998934 -0.48403022
0.536745 0.020866185 0.6271466
0.41375494 0.5864043 0.039665624
0.9182768 0.59092134 -0.44010165
0.3380406 0.6418289 -0.31307352
0.44678754 0.30419788 0.5945662
0.526018 0.27454367 0.5436453
0.4938329 0.2853188 0.7194377
0.6617401 0.05701275 0.84530675
0.41798994 0.35643622 0.5178596
0.9489591 -0.43489313 -0.5695966
0.5528053 -0.25517714 -0.68357676
0.8294191 -0.48802722 -0.45589322
0.2970604 0.48612544 -0.19696793
0.35482556 0.3852628 -0.5099288
0.6084983 -0.3814873 0.5891116
0.7372714 0.7043098 -0.38065827
0.723693 0.3462983 -0.5690558
0.5109061 0.01467964 -0.6695367
0.51701444 0.0398229 0.7169367
0.7212999 -0.035867423 0.83555835
0.32370806 0.6158203 -0.19947965
0.7009641 -0.5514346 0.57692736
0.27519873 0.44741598 -0.28768018
0.59947443 -0.2825728 -0.5885167
0.32150322 0.1951346 -0.59386104
0.44935 0.03193999 -0.5959393
0.61182636 0.34283265 -0.5840514
0.6207139 -0.103367314 -0.65902597
0.82681847 0.07397057 -0.6995369
0.57661825 0.5957089 -0.39810142
0.9343269 -0.4426073 -0.47406092
0.4910333 0.15343077 -0.61795586
0.67042935 0.16756125 0.8214027
0.40036082 0.36412546 -0.48479944
0.4150087 0.36168215 0.3253466
0.4501669 0.39426357 0.4326275
0.53663206 -0.5203597 0.5267418
0.44472674 -0.20253612 -0.6949357
0.29336622 0.08072496 -0.42978323
0.45621943 -0.29996198 -0.5515354
0.43916002 -0.32020766 0.349654
0.7361938 0.31055224 0.7673064
0.27631068 0.3149426 -0.4583011
0.7763953 -0.15061572 0.8116895
0.92814773 -0.5146564 -0.35091472
0.53395396 0.41597798 -0.48498756
0.4277177 0.4907053 0.28802437
0.5566461 -0.05616959 0.79329175
0.53493094 -0.25623104 0.6079704
0.77703494 -0.34592378 0.6977026
0.96153945 -0.22611491 -0.74469095
0.503178 0.5135498 0.26559833
0.28013816 0.22646847 -0.513448
0.8674468 0.19247456 -0.63164115
0.44336542 -0.03426502 -0.69550353
0.4862836 0.42748395 -0.5130876
0.4672498 -0.4112507 0.23863934
0.5089383 -0.55764294 0.19458213
0.3717507 -0.29066586 -0.45567474
0.6777453 -0.1724957 -0.7412157
0.31148466 0.48777297 0.11700724
0.56392133 0.048361626 0.8132818
0.51499736 0.43080005 0.5092413
0.4729926 0.12698038 0.7155459
0.6079352 0.4507568 0.45332506
0.7442791 0.14705203 -0.6280067
0.44578624 0.16711663 0.584224
0.7007717 -0.19767453 0.70171213
0.868606 0.31066698 -0.63984525
0.52792346 -0.08651975 -0.59100294
0.6202263 0.006785555 0.7509586
0.4961705 -0.21405417 -0.61537254
0.5550661 -0.114304185 0.7101272
0.38211712 0.6640884 -0.2431617
0.47722998 -0.3484838 -0.48272708
0.50145584 -0.22130376 0.43560493
0.9329336 0.32669353 -0.57019544
0.4346489 0.056582827 0.5871152
0.5720906 -0.34421343 -0.5910546
0.3977967 -0.04907791 -0.62945455
0.7058465 -0.3290185 -0.6447429
0.7952453 -0.25180155 -0.71187574
0.30401328 0.5592229 -0.33376962
0.927586 -0.08659628 -0.7095113
0.40392247 -0.07910745 0.48922017
0.80291605 -0.53037983 -0.33150166
0.5815438 0.2341564 0.8091111
0.42406952 0.092923984 0.40355203
0.7426018 0.21158864 0.77084327
0.7859332 0.09816082 0.8315241
0.42601696 -0.4012525 -0.4575763
0.708897 0.120234646 -0.7216364
0.63194096 -0.45119533 -0.40939754
0.50011134 -0.13905562 -0.6694081
0.3665353 0.23910275 0.28336728
0.34384102 0.5793573 -0.04777267
0.757101 -0.13760014 -0.71004874
0.6383499 -0.16377105 0.7691372
0.56567526 -0.04251138 -0.6863503
0.6978206 0.4152065 -0.5477606
0.29006678 0.47126126 -0.04530153
0.37866455 0.602859 -0.38020617
0.52918035 0.10216591 0.6703585
0.56727827 0.0824458 -0.67804503
0.2847655 0.5372086 -0.11375574
0.58984756 -0.18987639 -0.707887
0.60348594 -0.2635941 0.689565
0.54692084 0.4816382 0.35248592
0.84725916 -0.33088925 -0.6351049
0.29593247 -0.044921696 -0.5048198
0.5298462 -0.3557937 0.6111686
0.71281224 -0.054232545 -0.65141314
0.7640486 0.25242618 -0.64034414
0.33575353 0.54356694 -0.40417933
0.6081893 -0.57990396 0.48906875
0.54207486 -0.5997458 0.3855613
0.6506196 -0.26915306 -0.7319442
0.4831562 0.6635898 -0.34144002
0.6787635 0.2564089 -0.5641343
0.46356806 0.6957011 -0.25683546
0.57815075 0.13222058 -0.5908378
0.58171123 0.32564324 0.6932993
0.6670478 -0.44757217 -0.5431663
0.28032094 0.15734157 -0.4373432
0.59245634 0.45603782 -0.50889677
0.5026157 -0.30516917 -0.64056724
0.2918796 0.46133804 -0.37739104
0.60027856 0.55494344 0.23198958
0.35850236 -0.10811194 -0.6810277
0.5747335 -0.3117829 0.7155648
0.5301876 0.60663325 0.08457937
0.36955914 0.44969377 0.21745685
0.32557607 -0.07516721 -0.57833725
0.5800852 0.5467434 -0.46679944
0.84782714 -0.19902779 -0.792712
0.2888544 0.40748188 -0.4637806
0.47030818 -0.22419004 0.55711836
0.33581853 0.23846534 -0.4995065
0.58972085 0.12890458 0.7835377
0.55310315 -0.3064132 0.4751835
0.3905818 0.1330621 -0.5622942
0.52546155 -0.20259234 0.69358414
0.3228483 0.3838444 0.18228045
0.36899 0.62173617 -0.15279551
0.8779617 -0.17939878 -0.67793584
0.73819935 0.5252781 -0.5056874
0.47113526 0.24641499 -0.538759
0.6643473 -0.032192398 -0.7636054
0.50562865 -0.11358617 -0.73031425
0.48997968 0.20503582 0.63555247
0.4552583 0.55898213 0.14643283
0.28050032 0.3738392 -0.37799343
0.9527109 -0.3791091 -0.65786433
0.43958524 0.22848529 0.6827461
0.3086094 -0.15183583 -0.58357424
0.92348015 0.021453112 -0.73673844
0.7627333 0.4215716 -0.5216234
0.53830355 0.26308614 0.6953658
0.4181297 0.47334778 -0.44610077
0.64932626 0.64158905 -0.43319675
0.7130822 -0.19847299 -0.64318985
0.3751921 0.5577 -0.35985386
0.6535677 0.51442444 -0.45629233
0.3859837 -0.16643305 -0.6425333
0.6783972 0.41804892 0.5228924
0.39040247 0.33952975 0.42904335
0.5197343 0.18802842 0.77374715
0.4328613 0.6283067 -0.072951965
0.7405324 0.006918627 -0.7011868
0.49558058 0.43927625 0.42654753
0.72827923 0.600378 -0.41480324
0.8124256 -0.015076171 -0.66304004
0.45547757 -0.42507 -0.34047094
0.5764406 -0.15526693 0.6009926
0.8453622 0.68720436 -0.39292854
0.29392308 0.5557557 -0.26622987
0.4170861 0.679779 -0.33639395
0.8426916 0.43071622 -0.568218
0.5087073 -0.09551028 0.45385703
0.585003 -0.40958202 -0.49422592
0.9158968 0.52034247 -0.52029765
0.3245601 0.109878294 -0.6004512
0.6065558 -0.08125293 0.7851033
0.40478733 0.20321433 -0.6015784
0.43913454 0.09990654 -0.6567967
0.57448363 0.30759186 -0.5448907
0.77205586 -0.32453668 -0.70883036
0.5402804 0.21749946 -0.62492466
0.37907836 0.24875928 0.5374223
0.61829907 0.18206693 0.7047825
0.7674767 -0.3734016 -0.59428835
0.5587621 -0.49613154 -0.35493648
0.33434138 -0.29681486 -0.15283
0.9095844 0.14121008 -0.68401885
0.7736546 0.3470695 0.64494354
0.4741163 0.6157658 -0.40863758
0.6569456 0.33694547 0.65403545
0.452955 0.19091801 0.47343206
0.8340571 -0.4267622 -0.57564455
0.61765206 0.39314356 0.6067113
0.3086213 0.3116901 -0.5344997
0.53819966 0.36373538 0.5621728
0.50153905 -0.101577386 0.6077806
0.9631564 -0.283785 -0.6373323
0.5546724 0.69233954 -0.39100918
0.56910753 0.7314351 -0.30066866
0.49551147 0.5174577 -0.4514547
0.6377895 0.26596868 0.7610157
0.35550806 0.39962372 0.31985223
0.40857965 -0.30488586 -0.61856544
0.27970985 0.24829172 -0.38062918
0.64412034 0.21010773 -0.6346834
0.40707836 0.28824043 -0.57600915
0.77841055 0.7236464 -0.30948296
0.35835445 0.04724913 -0.6503321
0.4231858 0.45019767 0.3671596
0.28530157 0.118166156 -0.51643676
0.5237693 -0.44138676 0.43192068
0.47841296 -0.054192413 0.6861809
0.69846344 -0.05751531 0.72400475
0.50505894 -0.385821 -0.55650645
0.31356055 0.0002675797 -0.6240745
0.68152136 -0.38074887 0.7084354
0.65015745 -0.38599247 -0.62157613
0.63469785 0.68551785 -0.3472595
0.8514775 -0.10149476 -0.7435876
0.3626982 -0.34290218 -0.39433146
0.3024845 0.023553811 -0.5243025
0.41010466 -0.15965813 -0.5669516
0.64298314 0.034390856 -0.6555968
0.5054277 -0.5007464 0.33279806
0.3672118 0.54619193 0.037073627
0.2940999 -0.03710547 -0.30662867
0.28406098 0.3442732 -0.19963942
0.49797177 0.32551572 -0.5635867
0.5045626 -0.37519878 0.4894211
0.50980735 -0.4452817 -0.43882436
0.91428155 0.71117723 -0.3181377
0.3274004 -0.24208847 -0.5402633
0.47530496 0.34954908 0.62609535
0.3354898 0.26419815 0.38474685
0.7089135 -0.3764121 -0.53444904
0.3118471 -0.088814504 -0.4094675
0.2913379 -0.20417532 -0.4471527
0.3457082 -0.22908182 -0.64485335
0.7238139 -0.45163178 -0.45392665
0.39222735 -0.32601723 -0.5369006
0.39684635 0.52537936 0.1748349
0.42562887 0.51138616 -0.46474674
0.41697216 -0.142444 0.31864908
0.8623635 -0.5636049 0.11182669
0.9020761 -0.6978396 0.17826533
0.882401 -0.6055415 0.24250118
0.85085887 -0.5828721 0.4251922
0.76800287 -0.5983942 0.16641062
0.7319483 -0.5040597 0.40119535
0.8275662 -0.44312602 0.01951966
0.7862177 -0.37110284 0.48785037
0.75028425 -0.43788633 0.091275804
0.6672483 -0.39655456 0.38536304
0.66932666 -0.36317173 -0.02240317
0.6502009 -0.27334175 0.43342644
0.5311124 -0.26045924 -0.056786127
0.5975222 -0.17769527 0.1000171
0.5053111 -0.08301119 -0.1907255
0.61758 -0.060475435 0.07015376
0.514725 0.05590312 -0.1723976
0.554711 0.10973335 0.015291317
0.55970377 0.17226699 -0.23032719
0.6531626 0.10520468 0.11823907
0.5997146 0.19554389 -0.116309255
0.63749623 0.20301725 0.07877727
0.67668635 0.25758025 -0.23648904
0.7142104 0.20120582 0.177035
0.63914853 0.32043082 -0.0779971
0.69356334 0.31407538 0.058763556
0.7053051 0.4016193 -0.23410624
0.7745417 0.31677195 0.14181508
0.6742891 0.48532864 -0.0284818
0.78588516 0.47138035 0.054704707
0.8059311 0.5127583 -0.087636694
0.72448725 0.40389764 -0.057503913
0.83760494 -0.726871 0.1235302
0.8762119 -0.7124813 0.32057709
0.89220405 -0.68273157 0.053629007
0.8549202 -0.755657 0.2265135
0.86281943 -0.5918167 -0.060322937
0.72856826 -0.6046269 0.326778
0.70676893 -0.5537392 0.061466414
0.7482415 -0.50610954 0.23467582
0.6922872 -0.4966109 -0.06955995
0.6313719 -0.48391226 0.2772521
0.6069911 -0.45034853 -0.034232043
0.64849466 -0.40112296 0.1392157
0.5843233 -0.38253742 -0.1543729
0.5793582 -0.34480983 0.23696394
0.618382 -0.35512343 0.010915819
0.67565525 -0.29748762 0.12060456
0.7008837 -0.3229821 -0.17728603
0.6820899 -0.27031606 0.30796915
0.70195997 -0.30809638 0.03810556
0.6966496 -0.21549608 0.20374629
0.7353307 -0.28991437 -0.12019338
0.7171552 -0.22662035 0.40220878
0.7377488 -0.27464458 0.09850918
0.73589474 -0.14910227 0.29662102
0.76790285 -0.20062314 -0.03674146
0.7577139 -0.112251475 0.46601254
0.7711634 -0.1875893 0.18222782
0.768293 -0.038402505 0.33850968
0.7990278 -0.10448428 0.029720534
0.78715926 0.055379204 0.4299269
0.7658837 -0.040153686 0.18977188
0.7274212 0.13955934 0.30314675
0.7881396 -0.7374224 0.2654397
0.8375394 -0.74098337 0.40573883
0.8023674 -0.65069145 0.08751917
0.76629174 -0.6539442 0.46149242
0.8110842 -0.5621429 -0.029558014
0.8533338 -0.4608011 0.28481078
0.7808063 -0.48237893 -0.15308985
0.81433 -0.34723932 0.36144114
0.706988 -0.41938186 -0.19444907
0.7856031 -0.3468165 0.2003692
0.617551 -0.33179155 -0.265473
0.6685363 -0.26130173 0.24177122
0.44495463 -0.21045756 -0.24814624
0.52963793 -0.13855904 -0.030734327
0.37175032 -0.042829186 -0.29293156
0.42708212 0.02250624 -0.036094237
0.38009858 0.124127455 -0.19084853
0.44395334 0.14897104 -0.065205395
0.41664535 0.21517959 -0.2319148
0.4934519 0.20053983 0.046865012
0.47366476 0.29154143 -0.119996265
0.537412 0.26237127 -0.0006967196
0.54586476 0.33861786 -0.23279303
0.57455915 0.31197393 0.09430286
0.5449301 0.4036413 -0.13600433
0.6184198 0.38631046 0.0044720564
0.6075198 0.4568455 -0.251751
0.6405111 0.46721497 0.11178033
0.6353676 0.56183857 -0.12968686
0.7382222 0.5820233 0.0025323592
0.68972206 0.6158608 -0.2581537
0.7461592 0.5195131 -0.20908824
0.7408827 -0.7284423 0.1331275
0.73672134 -0.7199373 0.33894175
0.7193564 -0.65976036 0.04688076
0.7085481 -0.6753984 0.18115115
0.7097203 -0.5932738 -0.072476916
0.6313628 -0.58065754 0.29307616
0.61825794 -0.5634518 -0.026601035
0.6195438 -0.5308833 0.0863192
0.57492137 -0.5052911 -0.12730215
0.5354397 -0.48198447 0.14571126
0.5032194 -0.45488074 -0.12123765
0.5098309 -0.39610842 0.04104765
0.47104514 -0.3320891 -0.20714411
0.46006542 -0.2848406 0.01279403
0.5060849 -0.2651482 -0.11815574
0.54524004 -0.20364755 0.1001985
0.5923463 -0.22654065 -0.19402613
0.6050747 -0.144171 0.16646509
0.6167154 -0.22362633 -0.06627466
0.6067198 -0.106368475 0.28278843
0.6591666 -0.1796422 -0.1779992
0.6207779 -0.077841565 0.24640258
0.6402944 -0.18383524 -0.008732219
0.6178505 -0.058306657 0.41451612
0.70476264 -0.09535209 -0.15404621
0.6780603 0.044821046 0.2627128
0.6825512 -0.086470746 0.03752892
0.66763365 0.06929457 0.44539216
0.75360656 0.0031778822 -0.09844544
0.7167797 0.23287039 0.40898296
0.7699385 0.048840865 0.035794746
0.7922601 0.2685071 0.33816978
0.6833115 -0.75600094 0.22324082
0.68831784 -0.76351476 0.33054888
0.6286219 -0.63186103 0.10970223
0.60964143 -0.6437375 0.28550926
0.5625484 -0.58860564 0.06631331
0.5776747 -0.5625808 0.15148711
0.50592226 -0.51199895 -0.046569634
0.49200928 -0.49560842 0.0487202
0.41219783 -0.44206622 -0.08969589
0.4612798 -0.41240433 -0.060117003
0.3679664 -0.31694028 -0.15266392
0.3665198 -0.23372826 -0.12496975
0.29497695 -0.13561292 -0.15989524
0.30975056 -0.08371724 -0.08821647
0.2672969 0.019534398 -0.20205319
0.27745503 0.0815072 -0.1037872
0.23518512 0.17264958 -0.15441301
0.31928474 0.18616176 -0.04332373
0.28984952 0.27054027 -0.14468722
0.36443752 0.2658184 -0.05573149
0.31110784 0.3299959 -0.116715536
0.4119535 0.31103382 0.03870439
0.39698166 0.40014538 -0.12346038
0.4865085 0.36348376 -0.032570932
0.43560046 0.45900783 -0.12354562
0.5183407 0.44911766 0.027137637
0.5021214 0.5267948 -0.13004725
0.5710107 0.5521175 -0.040747058
0.5591682 0.64642906 -0.17190848
0.64324516 0.6318 0.013828857
0.66909724 0.6700707 -0.094735585
0.78978354 0.6500838 -0.20036218
0.6286244 -0.70477194 0.1262628
0.58865196 -0.67799777 0.23556627
0.5832325 -0.64955574 0.066892356
0.53490025 -0.6256867 0.1496546
0.51829576 -0.59080166 -0.048456084
0.4634078 -0.57643145 0.16814242
0.4498726 -0.5550005 -0.09112281
0.41250348 -0.53126436 0.060778517
0.42408615 -0.4826934 -0.18280867
0.37047845 -0.45587805 0.06617181
0.36225635 -0.39504248 -0.2375994
0.34325624 -0.36607453 -0.0295179
0.32101274 -0.27920172 -0.30915326
0.323291 -0.23674688 0.0021216022
0.3223105 -0.1735745 -0.2672836
0.35812736 -0.107458785 -0.0089791855
0.4261918 -0.10515348 -0.20113946
0.5068481 -0.042871483 0.103923835
0.5244934 -0.111901 -0.10606597
0.55773723 0.016128957 0.1198287
0.5678279 -0.010315045 -0.14475162
0.5730881 0.038694054 0.28407896
0.61029565 -0.055997066 -0.034370717
0.5946187 0.11003328 0.24483693
0.63025683 0.080305815 -0.08139039
0.59856576 0.13857205 0.3442314
0.62552154 0.025798991 0.09540783
0.6189136 0.23011538 0.25576305
0.6856782 0.16318989 -0.005986375
0.6949673 0.3290533 0.25806552
0.782945 0.17145357 0.16577408
0.77625036 0.43312898 0.25257272
0.58786166 -0.728984 0.20259406
0.5902023 -0.7072424 0.32257578
0.5481499 -0.63373536 0.05452734
0.5166167 -0.64424336 0.2936499
0.46296555 -0.57165575 0.008069011
0.4693401 -0.54396534 0.21782783
0.44682616 -0.48259833 -0.2173572
0.41323107 -0.4833521 0.19266027
0.38550735 -0.3923872 -0.2586984
0.38205993 -0.3813922 0.13260034
0.34206247 -0.2421005 -0.36111727
0.35861045 -0.17561048 0.16530383
0.29067767 -0.082786895 -0.3844534
0.2943498 -0.0059150187 0.08183841
0.26350594 0.062137976 -0.36885944
0.27006865 0.1307686 0.15235162
0.24817932 0.16431871 -0.28300557
0.24725002 0.26607674 0.005535702
0.22907892 0.27717787 -0.29623777
0.20380443 0.3208782 0.105383515
0.22337912 0.34056154 -0.22486892
0.24646398 0.40223598 -0.020324368
0.26973242 0.4455183 -0.24380809
0.3332793 0.4406158 0.06408194
0.3461449 0.53094536 -0.21105143
0.39750254 0.54752165 -0.0759372
0.4310884 0.61368936 -0.20747174
0.464962 0.63949406 -0.030062877
0.4643765 0.6969051 -0.14130965
0.5983357 0.71715075 -0.103593215
0.6027506 0.7386617 -0.22151029
0.7144711 0.726559 -0.22530156
0.60028726 -0.73019344 0.13983849
0.55705696 -0.7122181 0.31496835
0.5810778 -0.6798204 0.02805074
0.53425074 -0.7162471 0.22486484
0.57745445 -0.6183139 -0.14586124
0.4685048 -0.5904853 0.3666501
0.49743134 -0.5516431 -0.15702578
0.45893455 -0.5545233 0.2035121
0.48660874 -0.46475494 -0.31378794
0.4251492 -0.44996092 0.3271161
0.42487788 -0.38294378 -0.3643397
0.42583215 -0.3522433 0.22958621
0.38291705 -0.25768057 -0.41777644
0.39730173 -0.18222387 0.31426615
0.38464665 -0.14692251 -0.4302655
0.3631181 -0.052470967 0.29150748
0.39064687 -0.06193397 -0.42820847
0.39874697 0.052799568 0.31798065
0.44336146 -0.033978518 -0.2982775
0.49370193 0.11932018 0.24568653
0.45465374 0.08861878 -0.34392172
0.5013959 0.20732993 0.2633557
0.5704452 0.11384719 -0.2383601
0.60460806 0.27176085 0.22843158
0.57797885 0.24485925 -0.32052013
0.5900018 0.33782074 0.14522699
0.64049524 0.21256196 -0.080374554
0.6427451 0.37214187 0.1884886
0.663943 0.316949 -0.2204316
0.6594537 0.49826702 0.18720327
0.77325463 0.22462994 0.02622014
0.7651907 0.53371876 0.14945811
0.6072427 -0.7738163 0.24012867
0.5834277 -0.7700343 0.35172623
0.59840393 -0.697101 0.085129716
0.5299263 -0.6754487 0.37073982
0.55843204 -0.623465 0.003969758
0.49224925 -0.5297242 0.3668654
0.5131505 -0.51820546 -0.09945045
0.46661514 -0.48990434 0.2861123
0.45168477 -0.4066846 -0.1633937
0.4429378 -0.31486234 0.34077567
0.40945923 -0.27435088 -0.29181272
0.4457177 -0.18529698 0.1686908
0.37444448 -0.122706406 -0.29530054
0.39248097 -0.0011231117 0.22926886
0.3461541 0.03433672 -0.3173355
0.36530787 0.13474315 0.10529822
0.3236797 0.1602479 -0.24784696
0.3769194 0.22456354 0.18036339
0.31698525 0.24506411 -0.2815519
0.3389209 0.35044286 0.056532945
0.29653782 0.3333287 -0.22038847
0.38516676 0.35969755 0.1410332
0.37689006 0.4464979 -0.27003944
0.3805701 0.5024344 0.004810459
0.36267364 0.5881477 -0.17922752
0.4035501 0.5968179 0.037623595
0.41044098 0.69470704 -0.24208564
0.4039001 0.7004532 -0.09991772
0.4527567 0.7462277 -0.20096856
0.47153932 0.71525663 -0.017649814
0.5372299 0.76891154 -0.16741014
0.62568915 0.749929 -0.16052258
0.6471511 -0.7776702 0.17669225
0.5782791 -0.7633433 0.41233838
0.65282285 -0.7398476 0.07646149
0.5790052 -0.80218744 0.30869585
0.64540565 -0.6799174 -0.043694057
0.513072 -0.6551176 0.44291717
0.5630403 -0.5778366 -0.10624287
0.48230922 -0.60671866 0.33712912
0.5256733 -0.5150326 -0.23366491
0.44632882 -0.47810766 0.4253294
0.47936308 -0.42959833 -0.29189298
0.45259243 -0.43378586 0.32953784
0.45960844 -0.31864247 -0.37721112
0.4636175 -0.22330773 0.3715034
0.47174197 -0.20817086 -0.31560212
0.47069126 -0.08939737 0.24510922
0.48598784 -0.11527005 -0.38234612
0.5020627 0.016100772 0.300575
0.54845935 -0.10094241 -0.22327887
0.53792137 0.12294092 0.19701687
0.5811536 0.011269138 -0.3276261
0.55101997 0.26041296 0.25359946
0.6313705 0.007958637 -0.18412158
0.56017715 0.34428668 0.19187228
0.64761704 0.15979266 -0.26669595
0.5594356 0.45528403 0.17880674
0.7088569 0.115657054 -0.16723475
0.5663354 0.5447334 0.09391717
0.7665482 0.30137005 -0.14404567
0.6573587 0.6327264 0.07139473
0.8648009 0.39680514 0.057789754
0.7669468 0.6500307 0.024566356
0.6692298 -0.8036062 0.30194718
0.6185017 -0.7885029 0.4095629
0.72503835 -0.70127755 0.038856175
0.5678008 -0.71428335 0.46846652
0.6514877 -0.6173476 -0.08958004
0.5246623 -0.5693906 0.50648624
0.60413474 -0.53922385 -0.2718832
0.49984986 -0.4704659 0.4735415
0.522504 -0.4355225 -0.3585485
0.46996742 -0.31829515 0.4564435
0.48861146 -0.29905435 -0.42995504
0.47109795 -0.15757084 0.43958756
0.46403974 -0.1814905 -0.4781312
0.4751339 -0.030403338 0.4353624
0.46551764 -0.026216568 -0.49178898
0.47797155 0.07627146 0.38888562
0.4559992 0.082795836 -0.415163
0.47057253 0.21681798 0.17483126
0.4648099 0.18081337 -0.3839213
0.44579977 0.31517312 0.29789126
0.45640993 0.27880052 -0.3832885
0.45433575 0.41201237 0.17332354
0.4689029 0.4134841 -0.35670733
0.44447058 0.49628583 0.18279664
0.49266303 0.55671346 -0.343512
0.47942585 0.6377019 0.08142087
0.5034909 0.7081795 -0.29842559
0.507666 0.7531517 -0.11940642
0.580783 0.7600929 -0.2335469
0.57765335 0.7493266 -0.07145709
0.6463619 0.77878815 -0.19872034
0.7927074 0.77227265 -0.21405783
0.714518 -0.7999186 0.22715941
0.6348233 -0.7939241 0.45120817
0.7318048 -0.7614617 0.13144666
0.64851946 -0.834423 0.36420256
0.7481877 -0.6509201 -0.12880799
0.5663968 -0.6624386 0.5203722
0.6625965 -0.5969397 -0.18565968
0.5525526 -0.5807074 0.51508933
0.7214801 -0.54372925 -0.3310557
0.51211315 -0.44541088 0.5813113
0.6180864 -0.4553627 -0.33126545
0.46430957 -0.30747548 0.55980116
0.5941959 -0.3565211 -0.44794205
0.4928456 -0.18208776 0.56282514
0.59301406 -0.3042574 -0.34002998
0.49200368 -0.09076402 0.5294676
0.55194294 -0.20747901 -0.4877867
0.4901588 0.021208148 0.48831537
0.60700494 -0.16699913 -0.3343497
0.5516048 0.14859043 0.40247768
0.5914962 -0.041266706 -0.4294766
0.53388715 0.24549043 0.4014808
0.67341757 0.020623032 -0.33390278
0.6181499 0.3467764 0.3145632
0.69536406 0.15246391 -0.40534174
0.5827051 0.4555631 0.26750398
0.7652157 0.22603643 -0.30071384
0.60678214 0.5699976 0.15926719
0.7946802 0.420275 -0.29037488
0.645443 0.70490116 -0.0006708903
0.90474975 0.5758598 -0.20140253
0.8146356 0.7390204 -0.080027826
0.7249455 -0.81847304 0.3283158
0.67951536 -0.7831115 0.4563033
0.81050986 -0.7467529 0.08888997
0.64293784 -0.7348865 0.513699
0.75419766 -0.6803338 -0.030162208
0.578414 -0.5918831 0.58667976
0.76638347 -0.58086413 -0.25547546
0.58623344 -0.4636434 0.6088048
0.71332234 -0.45928934 -0.33448488
0.55102164 -0.33840534 0.6019943
0.67869765 -0.33592415 -0.48874995
0.57142997 -0.18849804 0.57795984
0.6032157 -0.15621167 -0.5426182
0.5354386 -0.054792494 0.5475597
0.62550336 -0.0024156729 -0.56031245
0.5557566 0.04704975 0.5283766
0.5456374 0.095764436 -0.48182273
0.54597425 0.17554906 0.50533
0.5919799 0.20025706 -0.46276498
0.5597399 0.27559462 0.43248704
0.5947013 0.30091977 -0.4042333
0.5466955 0.38691872 0.38403735
0.6715776 0.4247532 -0.38526678
0.5749345 0.46817023 0.3032412
0.6878933 0.5625585 -0.3509935
0.5480675 0.6013583 0.13475385
0.65805674 0.72057575 -0.30871516
0.55372113 0.6987081 0.03766777
0.7288894 0.7662787 -0.25412858
0.6581282 0.76705736 -0.09085865
0.7083779 0.7890305 -0.14305443
0.77569836 0.78612417 -0.106244
0.78166574 -0.82101065 0.2598281
0.72191304 -0.8132117 0.45257664
0.82017714 -0.79190654 0.18625128
0.7339567 -0.84489316 0.389489
0.839536 -0.72969043 0.0027975766
0.63376343 -0.6737899 0.5733591
0.7986049 -0.6691607 -0.11890166
0.6323859 -0.5779334 0.62754744
0.8472057 -0.61633635 -0.21033877
0.57501394 -0.45258725 0.69271654
0.77042586 -0.5077588 -0.23587699
0.5674446 -0.29295877 0.72396916
0.7525914 -0.39101443 -0.37316206
0.5568848 -0.1732852 0.7274638
0.7566504 -0.34330562 -0.25425208
0.59622663 -0.07152321 0.621403
0.6966123 -0.2453218 -0.46199504
0.56131935 0.041409247 0.6520703
0.7140208 -0.21013387 -0.34331554
0.64216155 0.13102497 0.55175847
0.735727 -0.082750835 -0.44335037
0.60620546 0.26014718 0.5296509
0.7828642 -0.0590762 -0.2775442
0.679583 0.3337538 0.41865182
0.79723674 0.09221376 -0.34819776
0.65579206 0.4361949 0.29125413
0.8187564 0.142502 -0.17267393
0.70644087 0.5693914 0.15315512
0.87639326 0.34968063 -0.18316375
0.68075794 0.65178 0.086597525
0.921208 0.5117988 -0.061230708
0.8086354 0.71646684 -0.008651142
0.81101733 -0.83983314 0.35268253
0.746548 -0.7661486 0.5070182
0.908632 -0.739267 0.07180899
0.7228095 -0.7080248 0.55052835
0.8715701 -0.62295085 -0.110267304
0.69838667 -0.5694241 0.63267887
0.85448366 -0.54795444 -0.3423691
0.6846062 -0.44162902 0.6756514
0.8599027 -0.44712728 -0.4026843
0.6702685 -0.31328025 0.67914015
0.8058507 -0.29775915 -0.53185904
0.65482324 -0.16334389 0.70915216
0.7610224 -0.13463695 -0.59752184
0.64435935 -0.033746388 0.6811642
0.7973965 -0.0036074156 -0.61183494
0.6573965 0.06394655 0.6646876
0.72381985 0.06096118 -0.5083437
0.6402328 0.16284572 0.67032546
0.7910062 0.16899931 -0.5302977
0.68662256 0.26810226 0.6053402
0.7440909 0.26870373 -0.4323481
0.61765665 0.34486374 0.5194444
0.80132717 0.3981109 -0.44129837
0.6766784 0.4222353 0.35827804
0.8154466 0.5135265 -0.37849894
0.65592057 0.5327856 0.22952902
0.82631475 0.68464106 -0.31352103
0.7220972 0.7482636 -0.07661836
0.8031552 0.7548054 -0.23656744
0.70200133 0.7323441 -0.008052562
0.86502963 0.76843804 -0.20429115
0.834616 0.782149 -0.14643186
0.85432523 -0.837521 0.28377116
0.8025943 -0.8070173 0.4715092
0.88495386 -0.80733794 0.21032925
0.8003807 -0.86751753 0.4398049
0.9288791 -0.6351844 -0.19665676
0.715376 -0.62785393 0.6085816
0.91257286 -0.67486024 -0.10784228
0.71348584 -0.5180072 0.69278604
0.9237625 -0.5629887 -0.335438
0.6491115 -0.3878467 0.7700975
0.8901234 -0.4818979 -0.25300115
0.6712984 -0.2480913 0.78888756
0.8996087 -0.3105205 -0.4920905
0.6095027 -0.14165886 0.8392741
0.8656859 -0.3048909 -0.35000414
0.66751504 -0.026161171 0.8004399
0.88679 -0.17622285 -0.6274508
0.61111635 0.07876956 0.7932438
0.8824647 -0.17424324 -0.48130304
0.68181115 0.19228697 0.7578789
0.9067722 -0.040961474 -0.61013806
0.6197737 0.281295 0.70700365
0.89537877 -0.062302068 -0.42985457
0.7481306 0.3294156 0.5499605
0.90098774 0.03103844 -0.48494405
0.7285078 0.42255268 0.34807104
0.91478693 0.2195899 -0.1930817
0.7759505 0.5655943 0.16464359
0.9134229 0.43966922 -0.24389845
0.73419803 0.696031 0.047940884
0.9065739 0.6118194 -0.20374104
0.8539422 0.73325014 -0.038064998
0.8787264 -0.8521301 0.39178255
0.8198265 -0.7256325 0.5324054
0.93761015 -0.77151614 0.16629082
0.7957499 -0.6778986 0.58214587
0.9310798 -0.64096504 0.055216994
0.8045824 -0.5327247 0.62278813
0.9241348 -0.48986888 -0.13712941
0.79467386 -0.37984648 0.6918666
0.91855025 -0.3975543 -0.063306265
0.8076332 -0.26300836 0.5769065
0.9058824 -0.27047938 -0.24075218
0.7826298 -0.120724805 0.68585646
0.8989361 -0.020566776 -0.29479378
0.78539413 -0.017565105 0.5521019
0.8902182 0.07165832 -0.41118845
0.79245394 0.08079581 0.6500273
0.90166396 0.1033333 -0.47860754
0.7960523 0.18871972 0.62859404
0.8985521 0.20173085 -0.50734144
0.7800406 0.24878564 0.6978885
0.8868895 0.2949359 -0.35787296
0.68939257 0.32734773 0.6260858
0.8830745 0.42452052 -0.3557775
0.75368327 0.38341972 0.43050373
0.91217524 0.45177308 -0.4299882
0.75013405 0.50784445 0.27148846
0.9041471 0.6264862 -0.332695
0.7786694 0.6259559 0.1341725
0.9138071 0.72958 -0.25729048
0.82855564 0.7662851 -0.039161455
0.929064 0.7820129 -0.14657271
0.89347714 0.7782266 -0.08085996
0.9201496 -0.8529719 0.33035868
0.860451 -0.8026092 0.49230748
0.9391292 -0.8086677 0.27241245
0.8656823 -0.8448344 0.4540239
0.9453936 -0.7200542 0.07165147
0.78893644 -0.61322534 0.6348637
0.94030064 -0.65071434 -0.022821937
0.76885825 -0.48305336 0.71546024
0.9183409 -0.54390156 0.076795265
0.73643464 -0.36060098 0.78798896
0.9323725 -0.52413166 -0.21428034
0.76030475 -0.23037034 0.82098883
0.89714533 -0.31832847 0.032655347
0.73149997 -0.118952475 0.8461014
0.9333048 -0.35191464 -0.4117307
0.7647329 -0.021039255 0.82638323
0.9209148 -0.19351478 -0.15446544
0.7363508 0.0738037 0.8418532
0.95245856 -0.24759117 -0.5265282
0.74573547 0.17076425 0.8404086
0.925017 -0.09094178 -0.060878973
0.6888218 0.27009305 0.7953797
0.9360538 -0.14767365 -0.42589074
0.7636428 0.3123773 0.7007815
0.9311991 0.026805408 -0.12183508
0.7812963 0.356892 0.4597192
0.9322591 0.10451886 -0.19581337
0.8098879 0.51568496 0.22506565
0.9209654 0.29151866 -0.10203287
0.828067 0.6897381 0.04456125
0.9207363 0.41622135 -0.1064482
0.8951261 0.68949586 0.019360665
0.9475786 -0.8447912 0.4159649
0.8653466 -0.6837676 0.5743492
0.9631956 -0.6948169 0.1560499
0.8584394 -0.63519514 0.619161
0.9348234 -0.45597002 0.05548962
0.84482276 -0.48255992 0.6761856
0.9352508 -0.3896491 -0.18538298
0.84994894 -0.3360962 0.7409459
0.9235874 -0.3020001 -0.116182745
0.8278349 -0.23710445 0.748274
0.9297684 -0.21263804 -0.28294367
0.8390032 -0.10705419 0.7844048
0.9329813 -0.11640631 -0.34770846
0.8210746 -0.012002057 0.7474043
0.93322194 0.07580886 -0.6284266
0.8478486 0.0734995 0.7684237
0.94828886 0.018687047 -0.48046237
0.8275135 0.16952199 0.7715848
0.9407868 0.166521 -0.57941025
0.8295083 0.24784675 0.8192311
0.94134 0.16603246 -0.423743
0.8345215 0.30321935 0.6417819
0.9262946 0.33327866 -0.5117686
0.82696134 0.3339307 0.5401195
0.9359552 0.33301297 -0.4359011
0.8043155 0.459492 0.34494084
0.9302431 0.5511791 -0.35539758
0.87179077 0.65610325 0.10449726
0.9321145 0.6686264 -0.22745393
0.9098023 0.74489766 0.0015900517
0.95383644 0.735009 -0.1917781
0.9279442 0.7272863 -0.113166586
0.9640403 -0.82587045 0.347729
0.9294663 -0.80129707 0.4987057
0.96162814 -0.7420522 0.23488042
0.8886913 -0.7500692 0.55362976
0.9472324 -0.5788818 -0.108661674
0.85587263 -0.55927354 0.6824612
0.9331638 -0.52384955 -0.024083622
0.83688325 -0.4295913 0.756743
0.94217056 -0.44893035 -0.40274173
0.82063717 -0.30626836 0.8391978
0.9393674 -0.386286 -0.3174472
0.8420403 -0.19265357 0.86120325
0.94967234 -0.35688886 -0.5339324
0.82232606 -0.08311955 0.8920199
0.9540726 -0.24303952 -0.39566025
0.8535811 -0.00057027023 0.8583704
0.95866936 -0.22855885 -0.6374845
0.8338141 0.09686045 0.8650971
0.9577159 -0.13230824 -0.52668446
0.8381314 0.18981978 0.87607604
0.95418376 -0.08801851 -0.6552132
0.767459 0.2497004 0.8913667
0.9616096 -0.035089362 -0.51696914
0.83036727 0.28303573 0.7745093
0.9479323 0.054208785 -0.6253324
0.83855325 0.38120762 0.4726312
0.93737924 0.19409084 -0.31272203
0.86005586 0.5082366 0.2703353
0.9243699 0.31699494 -0.2461248
0.8292813 0.60948956 0.14541474
0.92833984 0.5052231 -0.17981343
0.9312001 0.6998476 -0.009471853
0.95593685 -0.75436395 0.306188
0.9742125 -0.7071004 0.45887202
0.94164824 -0.60362303 0.21342248
0.9513572 -0.5091933 0.4384421
0.9381565 -0.47368106 0.19721435
0.9419655 -0.37711486 0.49623734
0.9294266 -0.2997189 0.12516479
0.92701465 -0.29250878 0.56480265
0.9194908 -0.23502433 -0.018148366
0.9165699 -0.17407359 0.5401764
0.92207026 -0.15100256 0.043577697
0.9109395 -0.09451157 0.5710963
0.9259612 -0.078556485 -0.20895761
0.92219126 -0.013835303 0.48471448
0.93017286 0.009117187 0.04440277
0.92869323 0.0724745 0.57152444
0.93816 0.054201983 -0.3504442
0.9449805 0.15719026 0.5634487
0.9369922 0.14756668 -0.021719221
0.9414781 0.21815345 0.68710047
0.94129616 0.21843009 -0.3413968
0.94959664 0.2607679 0.5251263
0.94142896 0.37117246 -0.24690473
0.90745896 0.3359408 0.5459327
0.93747014 0.3915981 -0.34723878
0.87245274 0.42166656 0.36069638
0.93646985 0.49062905 -0.24349557
0.8901666 0.5613643 0.20874427
0.95607233 0.5822258 -0.2657172
0.9755902 0.71445006 -0.06765714
0.9701684 0.7673891 -0.023681488
0.9623902 0.66786486 -0.11214374
0.9594775 -0.7765985 0.46274498
0.9634843 -0.7513985 0.521543
0.9642682 -0.77508897 0.39381912
0.95765156 -0.6516263 0.27225363
0.9527628 -0.6800496 0.3885046
0.9389253 -0.5514639 0.6707415
0.9202689 -0.5737166 0.37754026
0.9462911 -0.42678398 0.7154776
0.90533423 -0.4024311 0.36866298
0.9260538 -0.31897217 0.77256244
0.9047891 -0.35836375 0.19426434
0.9253008 -0.20762995 0.78462106
0.90040666 -0.26729152 0.36582726
0.9139535 -0.10246975 0.8544223
0.9151301 -0.19887263 0.20388705
0.93274254 0.003164784 0.7860201
0.90552574 -0.10183809 0.28071758
0.9095888 0.10461154 0.84419876
0.91503245 -0.03937792 0.15544145
0.9454853 0.16958383 0.81428653
0.909862 0.024724714 0.34843242
0.915543 0.23811534 0.8186771
0.9256241 0.10390185 0.14550927
0.9308456 0.2679025 0.76948625
0.9204225 0.1799816 0.24386194
0.8857867 0.30695388 0.51905245
0.9258768 0.24537191 0.048239868
0.89956635 0.4176398 0.2880793
0.90302646 0.3267838 0.15151928
0.9266895 0.63012505 0.06860147
0.91889256 0.4016655 -0.029952426
0.9129828 0.5332877 0.09775538
0.95411444 -0.6466593 0.49695426
0.97198814 -0.6674147 0.55677706
0.9525825 -0.51786983 0.30763313
0.967274 -0.5311706 0.5752063
0.93554175 -0.47149557 0.5351981
0.9469513 -0.39879322 0.6136283
0.9275074 -0.3203422 0.29687816
0.94038254 -0.28368223 0.646154
0.91564804 -0.25672266 0.45218992
0.92081434 -0.18895043 0.62743026
0.9130258 -0.1831035 0.3344918
0.92305034 -0.107860886 0.7478431
0.9151203 -0.09816157 0.42416126
0.9276729 0.001292971 0.62553763
0.9239727 0.00023587141 0.25486913
0.9428124 0.09723976 0.7572243
0.913263 0.075877495 0.46241146
0.9680619 0.16079374 0.7428201
0.93273294 0.12865658 0.34926307
0.97856975 0.229627 0.8091729
0.91895694 0.17948675 0.46181422
0.96888036 0.2574281 0.63614225
0.93035865 0.23520494 0.1524683
0.9269876 0.3049468 0.6086512
0.9324397 0.3106057 0.27496737
0.918405 0.367044 0.38038832
0.9326672 0.3767504 0.09935529
0.9287882 0.51109046 0.15576312
0.9470538 0.5704484 0.059011642
0.95941263 0.69710964 0.05100388
0.9346629 0.6284223 -0.009519999
0.9310273 0.57683885 -0.081982315
0.9503271 -0.6100858 0.44594368
0.9434536 -0.59862053 0.5525634
0.93789935 -0.69977695 0.5787421
0.90348434 -0.6404336 0.64280355
0.95068103 -0.6042945 0.63342196
0.90149385 -0.49139288 0.71777695
0.93456066 -0.48625764 0.6558644
0.9051723 -0.39200097 0.76152855
0.9169546 -0.36487952 0.6694457
0.8879605 -0.26224035 0.80742586
0.91702837 -0.28098652 0.7204259
0.897705 -0.17948638 0.81889886
0.9178324 -0.18257326 0.69899446
0.8938654 -0.05800964 0.8363782
0.9104749 -0.07876925 0.6666812
0.9039406 0.04459427 0.82510644
0.911107 0.024347909 0.6851017
0.8990694 0.15646507 0.8421579
0.9121589 0.11216868 0.696848
0.893334 0.2233288 0.8742814
0.8841092 0.16069758 0.66045904
0.8618116 0.27019373 0.79691565
0.89800584 0.218942 0.5843632
0.87929636 0.30884108 0.6847742
0.90976536 0.24891892 0.42246762
0.9075092 0.35794958 0.4649028
0.9080201 0.32852995 0.35765505
0.91157025 0.471157 0.2646313
0.9225498 0.43084076 0.18536812
0.9254458 0.6292648 0.13691472
0.9216344 0.5259272 0.0024654428
0.88849425 0.49572912 0.06124978
