-1.5112809e-05 8.1814724e-05 -6.3078885e-05
-8.187295e-06 -0.00014936698 -9.461935e-05
0.00013033862 4.666496e-05 -1.5700098e-05
-0.00011506335 -0.00013643788 7.793582e-05
-0.00030933632 -2.876524e-05 0.00040498842
-4.8539798e-05 -1.15269495e-05 -6.626088e-05
-9.279684e-05 -0.00029234824 -0.00012237481
4.5930505e-05 -5.791335e-05 0.00015893049
-8.623845e-05 0.00023586993 -7.127922e-05
0.00021673799 7.1091235e-05 -0.00018785571
0.0002215196 6.477712e-05 -0.00014666436
-9.066554e-05 7.465656e-05 1.7655315e-05
-3.3897006e-05 -0.00012326558 -4.3380114e-05
5.924839e-06 -0.00010707161 -8.431506e-05
0.0002374592 6.757205e-05 5.6445635e-05
-7.528212e-05 6.830949e-05 2.5564892e-05
-7.398523e-05 6.442437e-05 2.8804523e-05
-8.935537e-06 -4.546646e-05 -4.5976107e-05
4.957412e-05 -4.6635396e-05 -3.7658625e-05
-4.571721e-05 -2.2709832e-05 -0.00010237962
0.00010477903 7.4381256e-05 -0.00010292566
2.907661e-06 -1.4702737e-05 -0.00021710436
-6.849122e-05 -4.938304e-05 -0.00011773746
-0.00019272264 -6.831474e-05 2.7637543e-06
0.00026924684 4.2217383e-05 -0.00013378319
6.9750866e-05 6.472672e-05 9.253088e-06
7.800962e-05 -6.6448796e-05 7.2167466e-05
1.626187e-05 0.00013063545 0.00023848095
5.1906325e-05 -4.1814375e-05 0.00011677676
5.82587e-06 -1.7218721e-05 -0.00010424462
2.4457713e-06 0.00011923427 1.8448443e-05
-0.00015303494 3.6959354e-05 9.1351845e-05
0.00013568567 0.0001039417 -8.815662e-05
-4.4401426e-05 -3.706403e-05 -5.57674e-05
-0.0001562564 0.00024774295 -0.00016484456
-7.625621e-05 -0.00017856486 1.4695628e-05
2.0850366e-06 -7.174213e-05 -0.00014128302
-1.6098169e-05 0.00010530189 -2.1856466e-05
-7.588848e-05 0.00012942536 -0.0001961342
0.000105052975 8.5426844e-05 2.6384987e-07
0.00025901422 -2.2373039e-05 -0.00014630219
9.881161e-05 -7.1441864e-06 -0.00017430558
9.182525e-05 -0.00014539446 -6.569538e-05
-0.00015891483 4.851648e-05 0.0001535915
0.00019112368 -0.00014303319 -0.000107255546
-0.0001333444 0.0001821411 4.7291727e-05
-7.08461e-05 -1.5628148e-05 -8.563057e-05
-8.945309e-05 -4.0870153e-05 -1.2440763e-05
-0.00012143856 -9.155865e-05 1.700288e-05
0.00019050189 0.00012762635 4.177584e-05
-7.448504e-05 2.8261496e-05 0.00013897539
-5.64852e-05 5.9784164e-05 -0.00019206156
-9.919695e-06 -1.8390594e-05 0.0001516033
-5.233884e-05 -6.523177e-05 -1.1203941e-05
-0.000106278065 -1.1363539e-05 0.00014339639
3.6047702e-05 -6.548016e-05 0.00028551466
-7.387002e-05 2.7332118e-05 -8.7036115e-06
-0.00016510254 0.00020339103 -0.00010603668
-6.9575595e-05 -2.0526353e-05 -6.5911845e-05
-0.0001212978 0.00023706499 0.00015422626
9.946559e-05 -8.461481e-05 -8.3446925e-05
-6.2920204e-05 -0.00012188525 6.9414804e-05
-0.00010766191 2.7954839e-05 -8.578704e-05
-0.00012739463 0.00026583538 -1.8126466e-05
-0.00013362778 -2.532503e-05 0.00013343667
-0.00016075926 3.7124805e-06 -2.8433149e-05
-0.0001520956 5.393242e-05 -3.5277437e-05
9.194056e-05 -7.414e-05 -4.644942e-06
-5.2059644e-05 -2.954434e-05 -0.000103906925
9.1522725e-07 6.372525e-05 -0.00011210473
-0.00019050286 0.00016143105 -5.6803794e-05
-0.00019232683 -0.000102276485 -6.764918e-05
-6.5659024e-06 3.5278492e-05 -0.00010247764
-9.122412e-05 -0.00012122125 -0.000114260096
3.681307e-05 -0.00011946826 7.311779e-05
-0.00016409965 -0.00011051747 -6.284774e-05
4.7061127e-05 6.413118e-05 -5.673754e-05
-8.7794484e-05 2.5989906e-05 8.550285e-05
-4.5627556e-05 0.00012325362 -5.6473044e-05
-0.00011627216 -1.5679934e-05 -8.164812e-05
5.183567e-06 0.00013819615 8.0736325e-05
0.00013952494 4.558861e-05 -4.647951e-05
6.191638e-05 -3.297426e-05 -8.142958e-05
-0.00013368185 4.0218933e-05 -1.4457806e-05
5.122916e-05 0.00021365435 3.494407e-05
7.9208075e-05 -3.6005265e-05 -0.00020896488
-0.00011723189 0.00011072507 0.00017059548
-0.00017167375 -9.241672e-05 -0.0001653721
0.00010445007 5.955262e-05 0.00014100742
7.4068375e-05 -0.00029386263 -0.00010970038
-5.4461757e-06 0.000106766645 0.00025303138
-5.89117e-05 -3.7270456e-05 1.2646827e-05
9.681268e-05 -3.254425e-05 4.3350674e-06
-6.2956016e-05 0.00010352873 -9.1356385e-05
4.2142943e-05 6.458134e-05 -4.5019173e-05
0.00020535666 -8.024475e-06 -4.366894e-05
-2.6869035e-05 -3.437108e-05 -0.00014084023
0.0001283074 -0.00016926663 -8.5619606e-05
-9.678437e-05 0.00014099308 -0.00010670428
1.6439453e-06 5.2204166e-05 0.00017820449
0.0002751666 -9.529535e-05 -5.3752687e-05
-1.24202e-05 -6.1366845e-05 0.00016263856
3.5167446e-05 6.1928746e-05 0.00012761175
-5.7675596e-05 -6.3930405e-05 -7.236835e-05
3.885379e-05 -0.0001086557 -3.4776167e-05
0.000110899855 8.118024e-05 -0.000113060814
-5.348443e-05 7.275511e-05 -2.1966232e-05
1.024637e-05 8.759474e-05 -7.444089e-05
-0.00015330095 -4.707557e-05 -3.477867e-05
7.3358635e-05 -0.000183019 7.0809765e-05
0.00017219027 -7.984291e-05 -0.00015044516
-9.967248e-05 -1.180602e-05 -8.083938e-05
-0.00019130636 0.00013081952 0.00010653357
4.6278834e-05 -0.00014250787 8.4406194e-05
0.00017806712 -1.4070425e-05 5.444461e-05
4.821174e-05 8.321518e-06 -6.3560055e-06
-0.00014753442 0.00013725867 0.00013220312
-7.0625283e-06 -2.1631791e-05 -0.00019350486
0.00013525374 -0.00021200824 0.00017563421
-4.1530842e-05 5.4819437e-05 0.00011769987
3.663361e-06 6.084506e-05 3.999452e-05
4.677601e-05 5.8264333e-05 4.3189088e-05
0.00019773499 -4.6045472e-05 -0.00015467545
0.00011125653 -0.00014018222 0.00026854465
2.0467256e-05 -0.00011124364 7.9464255e-05
0.00021456362 3.077141e-05 9.242783e-05
-0.00024742004 -9.751535e-05 -7.767894e-05
-0.00018246334 1.0180735e-05 -8.899092e-05
1.47753035e-05 4.675817e-05 5.099635e-05
-6.589669e-05 -9.171281e-05 4.8293623e-06
-6.359787e-05 -5.0198254e-05 6.5597735e-05
-6.977822e-05 -0.0001746818 9.294813e-05
0.00019379976 -0.00024147658 2.8104652e-05
7.508433e-05 -7.066707e-05 0.000209478
3.6870606e-06 0.00012707047 -5.603657e-05
0.000122052996 -0.000175305 8.16632e-05
-0.000106183244 -0.00018731716 -0.00019977083
0.00019433134 8.225088e-05 -5.786027e-05
6.401646e-05 4.298458e-05 0.00011279768
0.00020794293 -0.0001685787 2.6509613e-05
2.9884362e-05 -6.8907066e-05 9.233812e-05
-0.00017089331 -0.00010832704 -0.0001523065
1.2045522e-05 -5.1613126e-05 -9.1387374e-05
-1.7414848e-05 0.00024153895 -7.002324e-05
7.935272e-05 -6.435511e-05 0.00020437287
9.789438e-05 -5.0439758e-05 3.139342e-05
0.000104789666 2.9092216e-05 -5.2201434e-05
2.898931e-05 -1.5863921e-05 -0.00033518492
-0.00011618885 -0.0002344609 -0.0003003142
0.00022063182 -0.0003035784 1.8599241e-05
-0.00013992719 5.9724407e-05 -1.6811326e-05
-9.734088e-05 -9.6578144e-05 4.8688034e-05
-0.00014734922 -0.0001353298 0.00022823355
2.0386498e-05 -5.8889444e-05 -0.00017642624
-0.00014826524 2.8863822e-05 -3.591966e-05
-5.0842613e-05 5.6251743e-06 -0.00010013345
-7.914794e-06 4.346957e-05 9.284942e-05
-0.00025457097 -0.00011129632 0.00013068957
-9.162506e-05 -9.299343e-05 7.26264e-06
-0.0001142516 2.5468766e-05 -0.00014348575
0.00015008678 -0.00020003015 0.00011838564
6.705525e-05 -0.00017411467 0.00023820957
0.00010536853 -0.00022623007 -1.8244575e-05
-0.00013421196 6.344815e-05 0.00032024336
2.8908116e-05 -0.0001887006 0.00015797214
-3.8366816e-05 -0.00021802245 -0.000104389415
9.564189e-05 -7.410893e-05 -2.3793331e-05
2.1075266e-05 4.057845e-06 0.00013568795
-2.9225508e-05 0.00013476581 0.00011154238
-9.8895434e-05 0.00017153133 0.0002010057
0.00023272757 -0.00011133993 -6.130067e-05
-0.00025344614 -5.1974363e-05 0.00014440971
9.5048585e-05 -0.00018914863 -5.6778645e-05
1.5821486e-05 0.0001090732 -1.8423429e-05
0.000185139 0.00010256914 9.986233e-05
-4.177318e-05 -2.9900995e-05 -0.00018662272
-0.0001541465 4.613817e-05 -8.155385e-05
-7.097217e-05 4.4395856e-05 3.7818198e-05
0.00015916055 0.00018835746 4.0427192e-05
3.79068e-05 0.00026542752 6.469383e-05
0.00013049049 -9.904154e-05 -0.00018133163
3.8285063e-05 -7.28782e-05 0.00010024931
-9.618648e-05 6.7823596e-05 -0.00015697145
0.00011313183 -5.495092e-05 3.0391859e-05
9.977172e-05 -0.000157967 0.00013138732
-0.00026087955 -0.0001139729 0.00020466864
-0.00016773216 -0.00026899946 -0.00022930611
-0.00011334157 -3.0157396e-05 5.1348143e-05
-4.7782054e-05 1.377556e-05 -1.0307203e-06
6.2672385e-05 -0.00015391734 2.5474494e-05
0.00016667687 8.861381e-05 9.827753e-05
-2.2200133e-05 -0.000109450906 4.708235e-05
-2.8587907e-05 4.743456e-05 0.000131616
-2.241684e-05 -2.3460218e-05 -0.00013167846
0.00011043939 0.00013614501 5.676109e-05
0.00015401408 0.00015945117 2.4572166e-05
-2.0158013e-05 -7.5005424e-05 -8.4091196e-05
-5.5496363e-05 -0.00011481778 0.00015137938
-0.00015428927 -2.0638457e-05 -1.8268154e-05
-8.481373e-05 2.2645203e-05 -1.8750234e-05
-8.060055e-05 -0.00017292434 -0.00012573479
4.392701e-06 -2.2022366e-05 -5.0523686e-05
-0.00015153033 2.0445912e-05 1.4237534e-05
6.2783954e-05 -0.00017085717 0.00015997955
-5.4928023e-07 -4.9127484e-05 -9.760869e-05
-9.642003e-05 8.608465e-05 6.112375e-05
-0.00026775853 5.200904e-05 -1.279823e-05
7.9308775e-05 5.8510974e-05 -0.0001928223
0.00013253836 -8.931479e-05 -6.431826e-05
0.00012459506 1.1463307e-05 -3.781646e-05
-1.2908204e-06 -4.459464e-05 2.4959563e-05
2.6272231e-05 -7.755609e-06 2.839078e-05
6.184605e-05 3.0280851e-05 4.663149e-05
0.00017557527 -4.8162772e-05 -0.0002521049
-2.9220317e-05 -1.6701742e-06 -0.00019028015
-0.00011320724 -0.00014034646 0.00015172623
7.21305e-05 -0.0001784478 -0.00027073617
-0.00016780084 -1.9523894e-05 -7.481571e-05
2.1102838e-05 5.421167e-05 8.511668e-05
0.00017197407 -2.6895003e-05 -5.7180177e-06
4.622567e-05 5.395806e-05 0.00015479376
-6.4745564e-06 0.00027155384 0.00012822865
6.140524e-05 4.6551162e-05 2.8846229e-05
-6.9507034e-05 9.906298e-05 1.3719871e-05
1.9575695e-05 -0.0003350172 4.0305797e-05
-0.00013229519 -0.00012015431 4.9363953e-05
8.209329e-05 0.00023980849 -0.00011280455
9.06785e-05 -0.00022478311 0.00010042552
-5.4419128e-05 -4.198471e-05 3.9107686e-05
-0.00012983613 -4.7181726e-05 -4.4903016e-05
0.000195444 -5.3285294e-05 0.00013430446
2.3771836e-05 1.4201282e-05 2.8653929e-05
3.357615e-05 0.00012478347 -2.8566925e-05
0.00016225297 -2.3098322e-05 -1.4160075e-05
0.00018967698 -1.8670673e-05 -8.5346124e-05
5.4262313e-05 0.0001097207 -0.00026798295
8.752734e-05 0.00013285314 -0.0001246391
0.00011116024 -5.683736e-05 -2.6490674e-05
-1.3253579e-05 -3.296409e-05 2.2728127e-05
-4.072839e-05 0.00010973413 8.143468e-06
-8.576461e-05 0.00016795067 4.0431092e-05
0.00010966652 0.00016118084 -2.865458e-05
-5.6910918e-05 -6.256657e-05 -0.00022916235
-5.185946e-05 -8.6817796e-05 0.00014724497
0.00014223455 8.089805e-05 0.00017257666
-6.800912e-05 -6.964916e-05 -0.00023239218
-1.1497999e-05 9.5456264e-05 -4.551117e-06
0.00010035711 9.81114e-05 6.698616e-05
-9.6333315e-05 2.3689105e-05 1.6693773e-05
-2.1620901e-05 0.0002641049 -0.00017594079
0.000100205245 4.6919627e-05 0.00010255806
-8.475995e-05 0.00020028402 -9.523431e-05
0.00016248766 -1.2414197e-05 -7.1216375e-05
-0.00018546486 -0.0001325686 7.556664e-05
3.671588e-05 1.8237484e-05 -2.2980792e-05
0.00023691902 0.00014989529 -7.1487535e-05
0.006849058 0.00037260586 0.002368885
0.007350993 0.0028725034 0.0030744819
0.0058849268 0.0029704594 0.0015482029
0.0069449893 0.0028334737 0.0019417894
0.005998085 0.0026817503 0.0021025483
0.0060902974 0.002893655 0.0021685383
0.0056913723 0.0030016494 0.0016604122
0.005676025 0.0031404654 0.0016671638
0.0057176924 0.002824813 0.001864124
0.0056969794 0.0022776779 0.0016256
0.0054189144 0.0017514515 0.001169151
0.004470275 0.0031420197 0.0022696462
0.004786782 0.0028540457 0.0015229866
0.0045460085 0.0019461857 0.0015580913
0.0052887136 0.0011014366 0.0019162421
0.007100076 0.001893638 0.0013294131
0.0061148144 0.0016039563 0.0018551624
0.006101355 0.0020274734 0.0012223988
0.0051974976 0.0030025514 0.0015454134
0.006319201 0.0026409556 0.0028148303
0.0054710447 0.0036365765 0.002578429
0.0051926696 0.0031055636 0.0026556766
0.0061545256 0.003121527 0.0032998743
0.0054624835 0.0029754206 0.0026774
0.005915668 0.003025676 0.0029501338
0.0059399838 0.0028372663 0.0026327786
0.00534072 0.0028090551 0.0022412438
0.0048703053 0.0036247512 0.0019626087
0.0039975047 0.0037059286 0.0017534726
0.0034995317 0.0016773776 0.0014118737
0.0011993636 0.0017401816 0.0012765885
-7.4417214e-05 0.0016882175 0.0019265723
0.008335145 0.0006652352 0.0013885259
0.007612208 0.0012401316 0.0029750343
0.006483391 0.00069348165 0.0018984131
0.0065735234 0.00045938604 0.0018206164
0.007516607 0.00025066128 0.0019964422
0.005645843 0.0013931146 0.0011378545
0.006104708 0.0014184462 0.0015050862
0.0047469395 0.0010358954 0.0020266152
0.0055447547 0.00045140623 0.0018547978
0.0056967954 0.00013618078 0.0017672814
0.0055395113 0.0011686259 0.003435677
0.0053299656 -0.00028179237 0.00256131
0.0055983984 0.00047372538 0.0030583246
0.0057269456 0.0007670198 0.002867284
0.004738704 -0.0003623278 0.002332616
0.004187379 0.0008296189 0.0030451675
0.005819039 -0.00018152024 0.0034123391
0.0058964235 0.00056883786 0.0017314262
0.006825361 0.0007105635 0.0025075232
0.0068308255 0.001518735 0.0014812818
0.006789211 0.0008152125 0.0016459138
0.0060593695 -8.295104e-05 0.002100597
0.006629494 -0.0003723728 0.0026766951
0.00607895 -4.210905e-05 0.0036335743
0.006788229 7.1570044e-05 0.00324264
0.0056296396 0.0006444999 0.0028750421
0.005896494 0.00024487567 0.0027781774
0.0057406505 0.00096117763 0.0013046702
0.0056139426 0.00040296174 0.0028289887
0.003773979 0.00017159618 0.0012913048
0.0010256666 0.00013958995 0.0024117406
-0.0018101723 0.0019632427 0.0034053274
0.0066819284 0.0006944302 0.0015409627
0.006367535 0.0026311877 0.0035766298
0.005546961 0.0033575231 0.003077394
0.0070985784 0.0024895156 0.0039485
0.005717397 0.0016486011 0.0039111907
0.0068848482 0.0018178922 0.004168763
0.006392386 0.0012653088 0.0031509036
0.0065558925 0.0015978247 0.0035204238
0.0046973135 0.0013182438 0.0042255013
0.005715913 0.002610602 0.0057978546
0.0054763006 0.0019783294 0.0047615706
0.0056088255 0.0028112174 0.0047748275
0.0063614557 0.0010678625 0.0027438807
0.004006485 0.0012876813 0.0036800804
0.0034481934 0.0017086447 0.0034121273
0.0039618863 0.0013283425 0.0025823412
0.0025814187 -0.00042242114 0.0031526228
0.004653827 0.0011504013 0.0023175715
0.0037635085 0.0010589147 0.0027893751
0.004452087 0.0029595005 0.0028523938
0.004908474 0.002386226 0.0030522838
0.0069322996 0.0008155133 0.0031245556
0.007230607 0.002328148 0.0028720363
0.0065368246 0.0010535812 0.0038065384
0.006822427 0.0014254558 0.0036380193
0.007058695 -0.00015086145 0.0048244186
0.0065998565 0.0012867355 0.004409187
0.0075267088 0.0013989478 0.004025164
0.0060527856 0.0018434824 0.0053232326
0.004555648 0.0022510919 0.004954682
0.0014134021 0.0018282225 0.0039130077
-0.0012967468 0.0010392516 0.002871607
0.005507371 0.0008951977 0.0026482784
0.0055367653 0.0031656995 0.0054271044
0.0053128344 0.003378674 0.004696263
0.0058070524 0.0024055743 0.004084492
0.005642066 0.0014637688 0.0041572135
0.004234241 0.002212523 0.00375224
0.006211027 0.0020472482 0.004342334
0.0035114489 0.0027464826 0.0042802966
0.0040451963 0.002751165 0.0052910643
0.0031951573 0.0022059884 0.004075301
0.0038339358 0.0018611699 0.0038049698
0.003840862 0.0035103068 0.0036703483
0.0024978798 0.0030321465 0.0033955215
0.002414803 0.0026079216 0.0033893087
0.002692549 0.0015302392 0.003777184
0.0029844677 0.0026901825 0.0028635338
0.002997637 0.0010309813 0.0026993111
0.0030345635 0.0024769008 0.002041029
0.0029135102 0.0015835478 0.0029019304
0.003609482 0.0010154832 0.0021344793
0.0048361076 0.0023467226 0.0027527474
0.005959118 0.0023201532 0.0022086976
0.0058041885 0.002888042 0.0047703804
0.0062237754 0.0025150967 0.0037797913
0.0072959 0.0022645774 0.0054501332
0.0054763397 0.0024113227 0.0044457433
0.004646212 0.00060759345 0.0043725916
0.005509575 0.0015699576 0.004120148
0.004625124 0.0018028731 0.0057319957
0.0023861192 0.0031175092 0.0032007943
-0.0010800863 0.0019150638 0.0021595196
-0.002020792 0.003349226 0.0022072713
0.004625077 0.0018661238 0.003113053
0.0051868563 0.0042736274 0.004343034
0.00448234 0.0041987286 0.0041002147
0.0057672374 0.0046662535 0.0041295635
0.004874833 0.0032615568 0.003909184
0.0049306424 0.0019932862 0.0037599085
0.0038111126 0.0037427621 0.0046165977
0.0039614597 0.004571609 0.0048685838
0.0036178955 0.003229552 0.004929225
0.0041488907 0.004087669 0.0038551139
0.0041579315 0.0047263475 0.0040515247
0.0029067094 0.0037893783 0.0027287884
0.0027794293 0.004441495 0.003629596
0.0036576008 0.00411639 0.0028043864
0.002722071 0.0031216918 0.0015882865
0.0023502405 0.0032417718 0.0026962622
0.002396367 0.0033139721 0.001907673
0.0030646627 0.0038368427 0.0025670992
0.0020454365 0.004280039 0.001960422
0.0023953614 0.0045730593 0.0017176791
0.003333788 0.0033562412 0.0026424844
0.0029207296 0.0032031806 0.0024773108
0.0046099247 0.0029550146 0.0026258864
0.005997283 0.0024986388 0.0035639778
0.006846426 0.0038015943 0.0031971047
0.0061433613 0.004138425 0.00643244
0.004948307 0.0027097496 0.0040867496
0.005525155 0.003531853 0.0046244273
0.003974287 0.0028297529 0.005111834
0.0029430883 0.0026166472 0.0030084013
-0.00046568434 0.0030093677 0.003558238
-0.0017025841 0.0032298788 0.0029420173
0.005373935 0.0017137368 0.0029535794
0.0054032654 0.0035929298 0.004776363
0.0055633243 0.0042905407 0.0043552844
0.006467526 0.0043596462 0.0036065201
0.0049677007 0.0031593903 0.003355236
0.0046562506 0.0033633758 0.003581611
0.004734795 0.002824807 0.0042748414
0.0036829887 0.0034253257 0.0040962654
0.004047374 0.003099936 0.0019704541
0.0024841065 0.0033039362 0.0030604177
0.0021268518 0.0029114683 0.00066689914
0.0030257374 0.0042325645 0.002794187
0.0037066455 0.00395626 0.0021337974
0.0028157989 0.003003384 0.0017685456
0.0035893647 0.0023125382 0.002491172
0.0037919418 0.0029483084 0.0012345199
0.0024054549 0.002545578 0.0022207778
0.002713423 0.0028868793 0.002122895
0.0035338202 0.0034264983 0.0012691461
0.003312999 0.0031678919 0.0011122028
0.0033328817 0.003291279 0.00075089524
0.004049435 0.002833127 0.0034525958
0.0059198844 0.0032818317 0.0024463949
0.006325684 0.0020113105 0.003414594
0.0075000683 0.0034388094 0.0031076476
0.0060871243 0.0034346287 0.0027991852
0.004604522 0.0030495536 0.0040991604
0.0058941953 0.003780528 0.0030689072
0.00450426 0.0025126047 0.004890743
0.0027793848 0.0037779473 0.0020578275
-0.00076923985 0.0023403647 0.0026088236
-0.0019091275 0.003666646 0.0019799052
0.005109207 0.0019332096 0.0030549201
0.005253038 0.0036485167 0.004547504
0.00505814 0.0041726837 0.0046086432
0.006289196 0.0035899722 0.0032281228
0.0044492725 0.0032020146 0.0042741187
0.0031886701 0.0029363423 0.003558503
0.003644553 0.004545468 0.0035472766
0.0016511369 0.004302403 0.0031980707
0.001781622 0.0036477156 0.0031103827
0.002400905 0.0020423385 0.0024321515
0.003459834 0.0025235969 0.0013235112
0.0037351747 0.0025107756 0.001175777
0.004304953 0.0019249062 0.0014337825
0.0037397393 0.00016872713 0.00091729546
0.0041257907 0.00282314 0.0018994742
0.002880701 0.0015215058 0.0011974192
0.0028905994 0.0027912967 0.0013999338
0.0026787145 0.002998521 0.0016983413
0.0026462998 0.0028758985 0.0008126772
0.0032245037 0.002062528 -0.00016440405
0.0031849872 0.003406439 0.0019107492
0.003297795 0.0033312677 0.00024984614
0.0050959596 0.0023309155 0.001723689
0.0049722176 0.002978013 0.0017224231
0.0064891726 0.0044642766 0.0046510086
0.005138397 0.0016117074 0.0030087908
0.005187804 0.0021115725 0.0034323968
0.0056673144 0.003647991 0.0033563632
0.0042279046 0.0030548964 0.0044087823
0.0036549224 0.002977203 0.0023394085
-0.00062288356 0.0028871847 0.0026908163
-0.0017676044 0.0032360563 0.002098941
0.005140026 0.0016310046 0.0028625175
0.0046656732 0.0034824593 0.0050818557
0.0047054198 0.0038848943 0.0039554024
0.0067435396 0.0036954866 0.0040931506
0.003953522 0.0019176786 0.0045891046
0.001871149 0.0036553121 0.0021522432
0.0022569913 0.0040858244 0.0040888707
0.0027097566 0.003922767 0.0018251716
0.0033706003 0.0023702583 0.0029399814
0.0021659401 0.0029716427 0.0025329017
0.002866181 0.0031528287 0.0026540766
0.002189395 0.0021802625 0.0013523507
0.003118665 0.002385276 0.0017376879
0.0034946408 0.0013846434 0.0020242103
0.003455722 0.0010623717 0.001536951
0.0030850344 0.00071168534 0.001099755
0.0034725093 0.0018406685 0.0017759587
0.0030831504 0.0012765907 0.0010959303
0.003826016 0.002035812 0.0024175951
0.0019007104 0.002311267 0.00050542597
0.0033217026 0.0026906026 0.0018465335
0.0036974798 0.0018075706 0.0007518565
0.0043191835 0.0008034621 0.0015826692
0.0055925865 0.0010396647 0.0020838412
0.0058124154 0.0023738458 0.0030598852
0.005475687 0.0020317412 0.004274541
0.0045804204 0.0016697012 0.0048228726
0.0058468115 0.0035523768 0.0027904855
0.004255754 0.0021791095 0.0043990314
0.0031461655 0.003480663 0.0019944152
-0.00093196204 0.0023600922 0.0027395065
-0.0020304737 0.0035158764 0.0018776162
0.005092386 0.0017193938 0.0030236742
0.004974338 0.0037941257 0.0049014776
0.004455918 0.0038035146 0.0042189816
0.006578397 0.0031921326 0.004712102
0.0031702202 0.0035754512 0.0035270466
0.0033723568 0.0017593893 0.0034262254
0.0015329906 0.004058301 0.0017234797
0.0019472924 0.004563335 0.0033165137
0.0024954467 0.0030246472 0.0023043256
0.0024777646 0.0024951403 0.0020110982
0.0021928872 0.00082877174 0.0011141911
0.0023062965 0.0028190706 0.0011014896
0.0019953805 0.0011286689 0.0022851583
0.0030278242 0.0022506458 0.0021464932
0.0026596964 0.002189756 0.0018534265
0.0033459135 0.0011650358 0.0011794111
0.003739197 0.001394348 0.0009486875
0.0030104879 0.0005667732 0.0024188922
0.003241142 0.0018597294 0.0011876479
0.0033651204 0.0017445022 0.0011393444
0.0039340947 0.002777181 0.0021850432
0.0031301477 0.0030251322 0.0016054558
0.0037872538 0.0014699546 0.0022204942
0.005629408 0.0012970353 0.0036986868
0.0056303544 0.002482026 0.0035147462
0.006485543 0.00089994655 0.0027103038
0.0046532787 0.0013878595 0.0037750518
0.0066423337 0.0037778202 0.0034799594
0.0040402184 0.0035646155 0.004898412
0.0030889818 0.0033663274 0.0024668032
-0.0007722549 0.0030474607 0.0026651884
-0.0018098095 0.0032269512 0.0020566848
0.0052462276 0.0014541048 0.0029452867
0.004752122 0.003700545 0.0050806934
0.0055528795 0.0034685943 0.0045469147
0.006132653 0.003929404 0.0040293206
0.003742098 0.003344607 0.0037950792
0.0036254032 0.002808576 0.0023401207
0.0025892258 0.001717883 0.0036606032
0.0028620497 0.0044439393 0.0019613898
0.0023298203 0.0024050607 0.0020858238
0.0018148166 0.002687069 0.0018937757
0.0016965517 0.0009548405 0.00095406827
0.0016963305 0.0016590296 0.0014142904
0.0027153636 0.0015710274 0.0018036093
0.002119796 0.0016106354 0.00018482679
0.0015334542 0.00044861448 0.0020666604
0.0023131683 0.0011003679 0.0015813925
0.0032978803 0.0011989794 0.0036456957
0.0030866142 0.0012125141 0.0010678447
0.0027521208 0.0022497177 0.0018367943
0.0038537448 0.0006660869 0.0028004514
0.0043497384 0.0012759368 0.0009685997
0.003659033 0.000745634 0.0020905745
0.006275323 0.0012388595 0.0024156608
0.005924312 0.000765566 0.0028523214
0.005581498 0.0017040445 0.0035874015
0.0056723948 0.000747459 0.0039499705
0.0055310735 0.0023912354 0.0046054483
0.005273222 0.0041909516 0.0028720903
0.0037705535 0.002381764 0.0049883462
0.0029286596 0.0031045242 0.002609983
-0.0010831953 0.0021013147 0.0028174296
-0.0019877627 0.0035211218 0.0019150034
0.005238186 0.0017441225 0.0030233818
0.0055239345 0.0035793297 0.004767625
0.004576314 0.0040495964 0.004294765
0.0067688804 0.0033526102 0.0046595195
0.0036459682 0.0035658525 0.005100619
0.003597335 0.0027589528 0.0028417348
0.0031705822 0.0026642396 0.0031751757
0.0021372132 0.0028521856 0.0026503736
0.0008285831 0.0032266136 0.0014772944
0.0008147415 0.001178535 0.0012195529
0.00071332057 0.0016307991 0.00030044036
0.0003346271 0.0008191151 -1.9998406e-05
0.0014292077 0.00081179343 0.0014921749
0.0019980671 0.0016529906 0.0012669531
0.0022817089 0.00033586656 0.0012148505
0.002456281 0.0011792984 0.00084314524
0.0024377513 0.002316113 0.0023706334
0.0013067435 0.0016088382 0.0024143516
0.00356028 0.0025344396 0.0036217868
0.0035900562 0.002412044 0.0008350479
0.0031137029 0.0011368109 0.0024244343
0.004889099 0.00087234785 0.0014997955
0.004453269 0.0027464 0.0024142459
0.005774428 0.0015903518 0.0041536847
0.0065991767 0.0023616408 0.0022253597
0.0064764232 0.003603466 0.0034480926
0.0060650646 0.0034109764 0.0042334152
0.005857412 0.0037111323 0.0037789657
0.0038954862 0.0032988598 0.0049823937
0.0030537953 0.0028930525 0.0022362035
-0.00073100964 0.0029665192 0.0028366763
-0.0018560849 0.00324816 0.0020959747
0.0054739383 0.0015982789 0.0028831912
0.0050029615 0.0035680714 0.004894424
0.0055180728 0.0039897896 0.0043703383
0.0056428807 0.0032739032 0.0033393493
0.0040686536 0.002779362 0.004909154
0.0033261906 0.0034734714 0.003008705
0.0012758557 0.0031064828 0.0033546495
0.0020765897 0.0032074987 0.0021182895
0.00079515873 0.0024636919 0.0022784139
0.0010708803 0.001437988 0.0011421132
0.00040077406 0.0010927678 -0.00024900166
0.0005063813 0.0010637161 4.9392052e-05
0.00045989105 0.00093006366 0.00031571253
0.00041694794 0.0008863044 0.0008546352
0.0011461906 0.0020986148 0.00082690804
0.0022501391 0.0012623029 0.002061993
0.002262812 0.00015436573 0.00091221894
0.0036506576 6.8500405e-05 0.0011849487
0.0032365064 0.0018390038 0.0006419419
0.002475717 0.002340261 0.0037472737
0.004026723 0.0012125025 0.0018818646
0.00454461 0.00046006846 0.0023639973
0.005401372 0.0013552601 0.0024938216
0.005514082 0.002324984 0.0027481553
0.006647301 0.002995478 0.003980115
0.0062220357 0.0025661723 0.0036616884
0.0058709667 0.0029328004 0.0035734056
0.0047606966 0.003744301 0.0033589506
0.0037166034 0.0025753353 0.004661586
0.0028698193 0.003045896 0.0022783082
-0.0008623374 0.0021872101 0.00281665
-0.0019850351 0.0035520126 0.0019574277
0.005356167 0.0017430094 0.0029941937
0.0057209167 0.0037228027 0.0047089653
0.0054217046 0.004205062 0.0038883917
0.0063688774 0.0034200228 0.0045813094
0.00493839 0.0017649527 0.0045424746
0.0036322656 0.0030750863 0.0043192604
0.001336459 0.003427945 0.0031210056
0.002589138 0.0022860002 0.0026501494
0.0013713803 0.0029292274 0.0020853747
0.0007940746 0.0009263209 0.00085682876
0.0007941266 0.0017295668 0.00086312066
0.00016430701 0.0010666553 2.0779436e-05
0.0006025965 0.001247287 0.00038543803
0.0007142826 0.0010945555 0.0011006303
0.0003223673 0.00048348567 0.0005229427
0.0015274391 0.0017543929 0.00017177779
0.0013979734 0.0013562746 0.0012121582
0.0031401496 0.0015173558 0.0017696365
0.002172633 0.0014909038 0.0032609953
0.0026500467 0.00045623985 0.0018327575
0.0037462302 0.0013052556 0.0016372306
0.0049530333 0.0019165671 0.0008093291
0.005357598 0.0035474417 0.002585123
0.0052805985 0.00208805 0.0037856041
0.006001638 0.002774507 0.0022705735
0.0072387857 0.0032762666 0.0035052674
0.0050170347 0.003180697 0.0033684848
0.006316658 0.0040007774 0.003891801
0.003724759 0.0030831436 0.004077641
0.003230374 0.0031422717 0.0022422802
-0.00047798245 0.003014979 0.0028508154
-0.001826409 0.0032861568 0.0021125532
0.0053529255 0.0016013838 0.0029198283
0.0049910774 0.00343729 0.0048091635
0.005553382 0.0037544467 0.0046507143
0.006264385 0.0032436263 0.003946619
0.005390471 0.0020365913 0.0048663216
0.003601738 0.0033901338 0.0034209543
0.0016605852 0.0035288797 0.004362909
0.0022968592 0.0030568067 0.0028425413
0.0014231023 0.0024177197 0.003477248
0.00035369088 0.0017596432 0.00058203016
0.0005978372 0.001070983 0.0014218963
0.0004607141 0.0014190981 0.00026242418
0.00070079416 0.0008162822 0.00048501918
0.00042805198 0.00087979756 0.00010142656
0.00036615186 0.0010081319 0.00018165924
0.00012337673 0.0012016927 0.0010730756
0.0010877724 0.00083308644 0.0015306807
0.00066502625 0.00070212706 0.0010280537
0.0029290416 0.00069733127 0.0031833872
0.0042109373 0.00055906037 0.001657045
0.005030802 0.0024077115 0.0017393718
0.005405234 0.0014645262 0.0022445405
0.0072468044 0.0012064537 0.0028921084
0.0064012776 0.0014446897 0.0024598585
0.007200172 0.0038044567 0.0023935074
0.0065219775 0.002610715 0.0037797869
0.0055970913 0.001997353 0.0023983354
0.0052662543 0.0038324625 0.0030110278
0.0032521128 0.0023567677 0.004475308
0.0026801475 0.0033302265 0.0020812543
-0.0008843886 0.0021148468 0.002840438
-0.0020408628 0.0035658423 0.0019510491
0.0053081308 0.0018585466 0.0030593076
0.0055803275 0.0036101895 0.0047293305
0.0056057055 0.004126907 0.004634587
0.006987212 0.0032002246 0.004883918
0.005590464 0.0017666497 0.004539363
0.0032683113 0.002667992 0.0042933826
0.0025701316 0.0036852127 0.0042505623
0.0026648617 0.0022667954 0.002573682
0.0021193596 0.0020961754 0.0029935213
0.0013206061 0.0014010074 0.0012501044
0.00056715595 0.0012844604 0.0014633938
0.00052871474 0.0009297618 0.0007607795
0.0011169415 0.0009323854 0.0009520791
0.00041115558 0.0008680194 0.00036284013
0.0010645321 0.0011790511 0.00063426467
0.0016979799 0.00066565466 0.00072221144
0.0010939664 -2.476736e-05 0.00089129165
0.0030603353 0.0013136237 0.0028792354
0.0034935195 0.00081927417 0.0022096173
0.004790281 0.0022506882 0.0019160415
0.0045263823 0.0026168525 0.0022374862
0.006771804 0.0029083784 -0.0001799434
0.006111044 0.0027970003 0.00217901
0.006399557 0.0032966651 0.003424534
0.007147122 0.0032295447 0.003944557
0.0060232976 0.0024189758 0.0025384354
0.005138942 0.0035541945 0.003388099
0.0058027273 0.003629045 0.0036659692
0.003977663 0.0029612966 0.0045154854
0.003237671 0.0032114654 0.0021612286
-0.00055029884 0.0030348722 0.0029598405
-0.0018202999 0.0032384552 0.0020831912
0.005408963 0.0016102435 0.0029106638
0.005036312 0.0033354503 0.0045925425
0.0055388804 0.0038872487 0.004564251
0.0064553497 0.0037915348 0.004131584
0.0065764375 0.0016773639 0.0045617223
0.0046644276 0.003754602 0.004222773
0.0035295233 0.0038563386 0.0042456654
0.0027769227 0.0026666957 0.0023956199
0.0015840663 0.00249916 0.0032238548
0.00236505 0.0024993666 0.0019449984
0.0017388193 0.0016972469 0.0014530479
0.001291784 0.0011165397 0.00065163814
0.0013498794 0.001088568 0.0013823697
0.0010695495 0.00081819255 0.00065120973
0.0011706154 0.00074970885 0.0010263909
0.0013585002 0.0015472169 0.0011378604
0.0016128971 0.0013631168 0.001316739
0.0018512146 0.0012027622 0.0019405847
0.0030253893 0.0018841353 0.0017921007
0.005260877 0.00089218153 0.0014004376
0.0061410433 0.002486751 0.0021341883
0.006023781 0.00051213696 0.0026140714
0.0070951837 0.0035374432 0.0023001556
0.0056569832 0.0009875915 0.0011076992
0.00624207 0.0027802414 0.003987542
0.005047626 0.003123972 0.0038900482
0.006213567 0.002398328 0.0028427208
0.00510768 0.0032289682 0.00369864
0.0038474216 0.0025991178 0.004532242
0.002939119 0.0036967401 0.0024483292
-0.0010715744 0.0022249739 0.0027863896
-0.0020094463 0.0034838328 0.0020214785
0.0052549434 0.0018326403 0.0030090616
0.0055398606 0.0034932639 0.004643604
0.0049746092 0.0040742974 0.0045302697
0.0074592615 0.003808896 0.004098505
0.005547595 0.0023286396 0.005197528
0.0052977195 0.0023097435 0.0041066203
0.0051889387 0.0029129807 0.0024626246
0.0039485423 0.0032389176 0.003432063
0.0021755495 0.0029645315 0.002663283
0.0034042005 0.0027945195 0.0020339964
0.0025020042 0.0019017899 0.0024111231
0.0029684466 0.001898176 0.0016143736
0.0022363462 0.0019186188 0.0010035725
0.0013023464 0.0013667278 0.00053788116
0.0020512256 0.001264093 0.0014680075
0.0015483163 0.0009371857 0.00055176474
0.0028110454 0.0011048832 0.0019619246
0.0031382013 0.0016930508 0.0016780412
0.0047667716 0.0018748092 0.00068547856
0.005210276 0.0020213914 0.0010011008
0.0069546727 0.00017402368 0.0026856065
0.006047416 0.0027450707 -6.2296167e-06
0.0071672797 0.0035266946 0.002723378
0.006025701 0.0025239307 0.002826216
0.006114943 0.0035121064 0.0032867577
0.0058093276 0.0019305905 0.003570762
0.0058898833 0.002592823 0.0031769774
0.006126189 0.0031632453 0.0037359316
0.0039392766 0.0028437208 0.004365208
0.0033761016 0.0034446733 0.0022964359
-0.0007436881 0.0029378044 0.002706396
-0.0018440705 0.0032032651 0.0020404882
0.0050156056 0.0015729299 0.0028674542
0.005208561 0.0031168573 0.004678332
0.0054373993 0.003843471 0.00444107
0.006571524 0.003919319 0.003519437
0.005979538 0.0024185916 0.0048453584
0.0045955097 0.003207678 0.003659058
0.007799738 0.0029313816 0.0046226014
0.005296519 0.0026712466 0.002947452
0.00420429 0.0021852185 0.00330523
0.004545536 0.002596467 0.0034444842
0.0017417066 0.0022395663 0.0025597843
0.0029531932 0.0019919686 0.0013855083
0.0024422274 0.001974041 0.0022563136
0.0025448436 0.0020388342 0.0022680266
0.0017153964 0.0014046237 0.0007926668
0.0024207504 0.00084802695 0.0021071278
0.003509265 0.0010167763 0.0018949859
0.0029569415 0.0011157448 0.001835491
0.0042236974 0.00028945087 0.0010394547
0.006069218 0.0014342049 0.0013368885
0.004762357 0.0019898126 0.0012308042
0.007262163 0.0026389305 0.003378749
0.0076427353 0.0023471615 0.0022692515
0.005955696 0.0028334702 0.003466052
0.006851551 0.0020118807 0.0038294366
0.005275776 0.0020447462 0.004255268
0.0056164414 0.0028547083 0.00438465
0.0048952433 0.0036667336 0.0034052224
0.0035027277 0.0024627012 0.0046298667
0.00265759 0.0034569632 0.002390612
-0.0011562507 0.002259435 0.003141595
-0.0020290709 0.003518772 0.0018585888
0.0048394254 0.0022598915 0.0027757585
0.005647256 0.0038327607 0.0041702064
0.005060683 0.004202148 0.0040478166
0.006874435 0.004398788 0.0040000854
0.0054270667 0.0023967898 0.0039284737
0.006663925 0.0033963155 0.004727318
0.0073441565 0.004498156 0.0026457738
0.0069703627 0.0033806951 0.0031192107
0.006132227 0.0023288606 0.0042287214
0.0062273103 0.0022439538 0.003558828
0.0038517308 0.0017974703 0.003059246
0.005561784 0.0029069157 0.003130801
0.0025390217 0.0018205388 0.0033761365
0.0036756685 0.002026022 0.0016280768
0.003224732 0.0024596828 0.0023038508
0.00514134 0.002434037 0.0018840575
0.0046246415 0.0027526394 0.00078266836
0.003728542 0.0018747121 0.0022114806
0.0063991123 0.0010030965 0.0017041669
0.007947141 0.0024648902 0.00049864803
0.008111496 0.0023568813 0.0009177751
0.0068245246 0.0033444145 0.002041927
0.005398522 0.0036278972 0.0038946893
0.005707852 0.0018253963 0.003533897
0.0054514324 0.0021027462 0.0037892198
0.005867787 0.003246908 0.0036935038
0.0055120336 0.0032463642 0.003824561
0.00536308 0.003689121 0.0036550635
0.0039636437 0.0028498722 0.004690828
0.0033946948 0.003429744 0.002721271
-0.0008976192 0.003081245 0.0032316644
-0.0016181751 0.003357161 0.0022002687
0.0048110103 0.0018406196 0.0018696794
0.0057291156 0.0035816585 0.0033144644
0.00517484 0.0037687626 0.0031213
0.006260707 0.004051131 0.0023856666
0.005795149 0.0026129743 0.0034444164
0.0057652486 0.0020788445 0.0040634354
0.0066706575 0.0039702496 0.0031744877
0.0066164443 0.0044572903 0.0030466309
0.006372764 0.0028407448 0.0035385666
0.0052407873 0.0026707281 0.0028685597
0.0056916876 0.0023523958 0.0050151837
0.0059351213 0.0021047052 0.00221725
0.0033016768 0.0024189733 0.003639528
0.0052758693 0.003235168 0.0017684936
0.0034957845 0.0018055304 0.0022676894
0.00493533 0.0027122805 0.0006367329
0.0043446138 0.0012329246 0.00081522437
0.006272572 0.003107443 0.00077939243
0.006019549 0.0014737989 7.917406e-05
0.007279686 0.003466716 0.00053295214
0.0074277506 0.0030211927 0.0029646372
0.006578273 0.0028958656 0.0020688851
0.005315506 0.0019770255 0.002813394
0.005366667 0.0011250312 0.0043472312
0.005363092 0.0020758368 0.0033220856
0.0055816933 0.0034964 0.003938324
0.0056561492 0.003257138 0.0038336252
0.0054939054 0.0033574854 0.0032693935
0.004778895 0.0025581587 0.0045467336
0.003004889 0.0032589352 0.0026943798
-0.0013936346 0.0017483893 0.0030553346
-0.0019806805 0.0031286161 0.002657718
0.0030650725 0.0008134713 0.0014465355
0.004479587 0.002797258 0.003364602
0.0038171066 0.0032614996 0.0037541573
0.0052383114 0.0032012372 0.0029734496
0.004126717 0.002008294 0.0033622123
0.0038777264 0.002343247 0.0039911545
0.0039415797 0.002399264 0.0037000184
0.0044801673 0.003238475 0.004221568
0.0039520594 0.003540102 0.003917576
0.0045647398 0.004343165 0.0041923514
0.004154608 0.0015685639 0.004804917
0.005150742 0.0016898701 0.0027152405
0.003509439 0.0011017758 0.005929455
0.0046846527 0.001175283 0.0019473357
0.0018579983 0.0014303857 0.0032163565
0.004343261 0.002757857 0.0008243881
0.004121529 0.0023602399 0.0025756112
0.0049085724 0.0021528811 0.00091778766
0.004715767 0.0025261664 0.0014333003
0.006102414 0.002682858 0.0017309987
0.0042117466 0.0024257042 0.0037386196
0.003310289 0.0020679233 0.0036762466
0.0035640947 0.0019480623 0.005334003
0.0035104044 0.0014288169 0.0036226364
0.003482827 0.0027225278 0.005256022
0.0035382195 0.0033083316 0.0047739735
0.0035983063 0.0022564349 0.0040639536
0.0044384445 0.0029245364 0.0043917694
0.0032434561 0.0016999907 0.0051056743
0.0031637712 0.0029562337 0.0036736047
-0.001039881 0.0027913987 0.0029827205
-0.0012773426 0.0029560374 0.0020387964
0.0024290332 0.00063284766 0.001702609
0.0028572353 0.0019294474 0.0034406637
0.0014688119 0.0015980629 0.0052245175
0.0039569084 0.0027178675 0.0031551013
0.0033000275 0.0023314743 0.0037394643
0.003258127 0.0017826958 0.0036532981
0.0038813022 0.0018018029 0.0042605195
0.0032180236 0.0024222045 0.004097014
0.003476795 0.0012520513 0.0034965135
0.0042666723 0.002568062 0.003899803
0.003909579 0.0015781358 0.004146409
0.0050420933 0.0029867939 0.0036012058
0.003321962 0.00053551525 0.0046666306
0.005566268 2.0987878e-05 0.0029470588
0.0034514102 -0.000111962436 0.0053807106
0.003459131 0.0013908439 0.002671077
0.004033206 0.0018317633 0.0026479287
0.0037083072 0.0016954124 0.0014097306
0.0042206077 0.0019250051 0.0026932375
0.0052596466 0.0006022829 0.0040956847
0.0032280434 -6.977643e-05 0.0041854717
0.0028186706 5.417387e-05 0.004190207
0.0029502192 0.0007561032 0.004735825
0.00337862 0.001543385 0.0045994567
0.003242759 0.0020185185 0.0051231324
0.003473399 0.0017334601 0.0042530354
0.003712453 0.0011994356 0.0039801467
0.0036873608 0.0020971475 0.0044640666
0.0031556939 0.0005254756 0.0063722627
0.0025944123 0.0029033509 0.0042050444
0.0006634472 0.0021266853 0.0039108573
-0.0009470349 0.0029544653 0.0029679043
0.0011736755 0.0008750594 0.002075119
0.0012888889 0.0018050141 0.002728114
0.0005579771 0.0014520341 0.0037926375
0.0013783026 0.0016617446 0.0023401515
0.0006196728 0.0015419703 0.0022776
0.0006331036 0.0014915294 0.0015888745
0.00074073434 0.0018360056 0.0014491142
0.0006631075 0.0013913315 0.00091792166
-7.6649536e-05 0.0020700535 0.0016333414
0.0007051454 0.0021343287 0.0020117932
0.00058509083 0.0005263182 0.0014528828
0.0019041535 0.0011772527 0.001967432
0.0017358407 0.0011078875 0.0027237637
0.0019401787 0.002989106 0.0015364892
0.00034543657 -0.00024660357 0.0025651597
0.002716033 0.00033384864 0.0009981621
0.0018245536 0.0009439977 0.0017166982
0.0027990728 0.0014352198 0.0025497163
0.0022327052 0.00195867 0.003227665
0.0015602318 0.000348554 0.002531571
0.0008658811 4.475075e-05 0.0031280527
0.0015584428 0.00081269816 0.0024720016
0.00055322214 0.0010624828 0.0022250228
0.00041648484 0.001857264 0.0030042517
0.0008213584 0.001463595 0.0017004416
0.0010125741 0.0018993965 0.0019296918
0.0008375024 0.0023961854 0.0017390791
0.0009008661 0.0026916596 0.002363898
0.00025994697 0.0007737676 0.002465407
0.00086055475 0.0028926274 0.0012973062
0.00013167865 0.0029084815 0.0015495548
-0.0011232801 0.0027155117 0.0010176941
-0.001388448 -0.0005402493 0.00015625102
-0.0018217724 0.00078029616 0.00021592973
-0.0016875137 0.0016346658 0.00061080983
-0.00092807994 0.0016845434 -0.00032660467
-0.0007120151 0.001280534 -0.00018565278
-0.0009524233 0.00163321 -0.0006460755
-0.0009958986 0.001735435 -0.00045776178
-0.000765502 0.0014615045 -0.00066694163
-0.00095979054 0.0013773482 -0.00078599295
-0.0006527068 0.0012394709 -0.0010916808
-0.0013564472 0.0020573884 -0.00044337046
-0.0006766706 0.0016256745 -9.377289e-05
-0.0012126747 0.0007994752 -0.0003591896
-0.0009991644 0.0014993423 -0.00014986591
0.0005523447 0.0010619331 -0.00015521544
-9.4349845e-05 0.0016109141 -0.0012387397
-0.001101237 0.0008599833 0.00082374574
-0.0013454997 -0.00014234931 0.00021888549
-0.0018927042 0.00046100016 -0.00031197802
-0.00095680327 0.00077845727 5.0089002e-05
-0.0009861623 0.0007196828 0.0006229029
-0.0016224806 0.0009528893 -0.00037235353
-0.0013312965 0.0016742947 -0.000102737074
-0.00080347375 0.001586362 -0.00045784353
-0.0008217286 0.001450232 -0.00054545864
-0.0007947949 0.0019320527 -0.00047840772
-0.00084665534 0.0015442487 -0.0006680511
-0.0006168793 0.001973161 -0.0006139523
-0.0015625277 0.0011683605 -0.00015030435
-0.0006051725 0.0017535591 -0.0014254845
-0.0011251747 0.0020917533 -0.00035360697
-0.0006631246 0.0011859159 -0.0012369372
